b50 = [5.0, 5.0, 10.0, 3.333333333333333, 6.25, 8.333333333333334, 1.1111111111111112, 1.1111111111111112, 4.0, 5.0, 5.0, 10.0, 10.0, 10.0, 10.0, 10.0, 10.0, 0.0, 5.0, 5.0, 10.0, 10.0, 10.0, 2.8571428571428568, 10.0, 10.0, 10.0, 10.0, 10.0, 10.0, 10.0, 10.0, 10.0, 10.0, 10.0, 10.0, 0.0, 5.0, 0.0, 10.0, 10.0, 10.0, 3.333333333333333, 10.0, 10.0, 1.8181818181818183, 1.0869565217391304, 1.3043478260869565, 1.6666666666666665, 4.642857142857143, 0.0, 10.0, 10.0, 10.0, 8.333333333333334, 10.0, 10.0, 10.0, 2.5, 5.0, 5.0, 5.0, 10.0, 2.2727272727272725, 5.0, 0.0, 1.3636363636363635, 5.0, 10.0, 10.0, 10.0, 10.0, 0.0, 2.6470588235294117, 10.0, 5.454545454545454, 4.4, 0.0, 10.0, 10.0, 9.0, 10.0, 10.0, 5.0, 10.0, 10.0, 10.0, 2.7777777777777777, 10.0, 0.0, 1.5909090909090908, 3.076923076923077, 0.0, 6.842105263157895, 2.916666666666667, 10.0, 10.0, 2.6666666666666665, 10.0, 10.0, 5.0, 10.0, 10.0, 10.0, 10.0, 9.166666666666666, 0.0, 10.0, 3.333333333333333, 0.0, 10.0, 0.5, 10.0, 0.0, 2.5, 2.6470588235294117, 10.0, 10.0, 10.0, 10.0, 8.75, 8.0, 10.0, 10.0, 10.0, 10.0, 0.0, 0.0, 6.363636363636363, 5.0, 2.2727272727272725, 10.0, 2.8571428571428568, 3.4615384615384617, 0.0, 9.047619047619047, 10.0, 10.0, 10.0, 10.0, 10.0, 10.0, 10.0, 10.0, 3.333333333333333, 5.0, 10.0, 5.0, 0.0, 10.0, 0.0, 2.5, 10.0, 0.0, 5.0, 0.0, 10.0, 5.0, 0.0, 5.0, 5.0, 10.0, 5.0, 5.0, 10.0, 0.0, 1.5178571428571428, 2.0, 5.0, 0.0, 0.0, 2.6666666666666665, 5.0, 0.0]

b25 = [5.0, 5.0, 10.0, 3.333333333333333, 6.25, 8.333333333333334, 1.1111111111111112, 1.1111111111111112, 4.0, 10.0, 10.0, 10.0, 10.0, 10.0, 10.0, 10.0, 10.0, 10.0, 10.0, 10.0, 10.0, 3.333333333333333, 10.0, 10.0, 1.6666666666666665, 4.642857142857143, 0.0, 8.333333333333334, 10.0, 10.0, 10.0, 2.5, 5.0, 5.0, 5.0, 10.0, 2.7777777777777777, 10.0, 0.0, 1.5909090909090908, 3.076923076923077, 0.0, 6.842105263157895, 2.916666666666667, 10.0, 10.0, 2.6666666666666665, 10.0, 10.0, 5.0, 10.0, 10.0, 10.0, 10.0, 9.166666666666666, 0.0, 10.0, 3.333333333333333, 0.0, 10.0, 2.5, 2.6470588235294117, 10.0, 10.0, 10.0, 10.0, 0.0, 2.5, 10.0, 0.0, 1.5178571428571428, 2.0, 5.0, 0.0, 0.0, 2.6666666666666665, 5.0, 0.0, 10.0, 0.0, 10.0]