lrs_rational = [[[0.2, 0.2, 0.2, 0.2, 0.2], [0.18143280844401322, 0.18143280844401322, 0.2742687662239471, 0.18143280844401322, 0.18143280844401322], [0.24605864106686415, 0.16929423928875723, 0.24605864106686415, 0.16929423928875723, 0.16929423928875723], [0.2259266895040935, 0.2259266895040935, 0.2259266895040935, 0.16110996574385972, 0.16110996574385972], [0.21113543239147975, 0.21113543239147975, 0.21113543239147975, 0.21113543239147975, 0.155458270434081], [0.2, 0.2, 0.2, 0.2, 0.2], [0.19121415297035824, 0.19121415297035824, 0.2351433881185671, 0.19121415297035824, 0.19121415297035824], [0.18436892348620523, 0.18436892348620523, 0.2234466147706921, 0.18436892348620523, 0.2234466147706921], [0.21400745043005145, 0.1789888243549228, 0.21400745043005145, 0.1789888243549228, 0.21400745043005145], [0.20631860553355305, 0.17472557786578774, 0.20631860553355305, 0.20631860553355305, 0.20631860553355305], [0.19999999999999998, 0.19999999999999998, 0.19999999999999998, 0.19999999999999998, 0.19999999999999998], [0.19486870591571773, 0.19486870591571773, 0.22052517633712904, 0.19486870591571773, 0.19486870591571773], [0.21416295783297684, 0.19055802811134875, 0.21416295783297684, 0.19055802811134875, 0.19055802811134875], [0.20871672503408545, 0.18692491244887185, 0.20871672503408545, 0.18692491244887185, 0.20871672503408545], [0.20403686506102423, 0.1838525397559031, 0.20403686506102423, 0.20403686506102423, 0.20403686506102423], [0.2001519333038317, 0.18138379599403912, 0.2001519333038317, 0.2001519333038317, 0.21816040409446572], [0.1967584459205245, 0.17925983326321893, 0.1967584459205245, 0.21361163744786602, 0.21361163744786602], [0.19396933301659935, 0.1775969483714085, 0.19396933301659935, 0.2246789374602676, 0.20978544813512534], [0.19134229329213007, 0.1760021174066465, 0.20619766002486495, 0.2202602692514935, 0.20619766002486495], [0.2030188928904611, 0.17463266228728852, 0.2030188928904611, 0.21631065904132826, 0.2030188928904611], [0.20012034235871354, 0.18694576330103288, 0.20012034235871354, 0.21269320962282648, 0.20012034235871354]], [[0.2, 0.2, 0.2, 0.2, 0.2], [0.18143280844401324, 0.27426876622394714, 0.18143280844401324, 0.18143280844401324, 0.18143280844401324], [0.16929423928875723, 0.24605864106686415, 0.24605864106686415, 0.16929423928875723, 0.16929423928875723], [0.16110996574385972, 0.2259266895040935, 0.2259266895040935, 0.2259266895040935, 0.16110996574385972], [0.21113543239147975, 0.21113543239147975, 0.21113543239147975, 0.21113543239147975, 0.155458270434081], [0.2, 0.2, 0.2, 0.2, 0.2], [0.19121415297035824, 0.2351433881185671, 0.19121415297035824, 0.19121415297035824, 0.19121415297035824], [0.18436892348620523, 0.2234466147706921, 0.2234466147706921, 0.18436892348620523, 0.18436892348620523], [0.21400745043005143, 0.21400745043005143, 0.21400745043005143, 0.17898882435492278, 0.17898882435492278], [0.20631860553355308, 0.20631860553355308, 0.20631860553355308, 0.20631860553355308, 0.17472557786578777], [0.19999999999999998, 0.19999999999999998, 0.19999999999999998, 0.19999999999999998, 0.19999999999999998], [0.19486870591571773, 0.19486870591571773, 0.19486870591571773, 0.19486870591571773, 0.22052517633712904], [0.1908178656827337, 0.1908178656827337, 0.1908178656827337, 0.1908178656827337, 0.23672853726906518], [0.18713112213050453, 0.18713112213050453, 0.18713112213050453, 0.20894697475766077, 0.22965965885082562], [0.2042221510522422, 0.1840194963500285, 0.1840194963500285, 0.2042221510522422, 0.22351670519545852], [0.2001519333038317, 0.18138379599403912, 0.2001519333038317, 0.2001519333038317, 0.21816040409446572], [0.19697191701611588, 0.17945431941512566, 0.19697191701611588, 0.19697191701611588, 0.22962992953652658], [0.19396933301659935, 0.1775969483714085, 0.19396933301659935, 0.20978544813512534, 0.2246789374602676], [0.1912495737483176, 0.1912495737483176, 0.1912495737483176, 0.2060977419532052, 0.22015353680184196], [0.20293219532922155, 0.1889586620008601, 0.1889586620008601, 0.20293219532922155, 0.21621828533983678], [0.20012034235871354, 0.18694576330103288, 0.20012034235871354, 0.20012034235871354, 0.21269320962282648]], [[0.2, 0.2, 0.2, 0.2, 0.2], [0.18143280844401324, 0.27426876622394714, 0.18143280844401324, 0.18143280844401324, 0.18143280844401324], [0.16929423928875723, 0.24605864106686415, 0.24605864106686415, 0.16929423928875723, 0.16929423928875723], [0.16110996574385972, 0.2259266895040935, 0.2259266895040935, 0.2259266895040935, 0.16110996574385972], [0.21113543239147975, 0.21113543239147975, 0.21113543239147975, 0.21113543239147975, 0.155458270434081], [0.2, 0.2, 0.2, 0.2, 0.2], [0.19121415297035824, 0.2351433881185671, 0.19121415297035824, 0.19121415297035824, 0.19121415297035824], [0.2234466147706921, 0.2234466147706921, 0.18436892348620523, 0.18436892348620523, 0.18436892348620523], [0.21400745043005143, 0.21400745043005143, 0.21400745043005143, 0.17898882435492278, 0.17898882435492278], [0.20631860553355308, 0.20631860553355308, 0.20631860553355308, 0.20631860553355308, 0.17472557786578777], [0.19999999999999998, 0.19999999999999998, 0.19999999999999998, 0.19999999999999998, 0.19999999999999998], [0.19486870591571773, 0.22052517633712904, 0.19486870591571773, 0.19486870591571773, 0.19486870591571773], [0.21416295783297684, 0.21416295783297684, 0.19055802811134875, 0.19055802811134875, 0.19055802811134875], [0.22965965885082562, 0.20894697475766077, 0.18713112213050453, 0.18713112213050453, 0.18713112213050453], [0.22351670519545852, 0.2042221510522422, 0.1840194963500285, 0.1840194963500285, 0.2042221510522422], [0.21816040409446574, 0.20015193330383171, 0.20015193330383171, 0.18138379599403914, 0.20015193330383171], [0.21347385690992143, 0.19663153577251963, 0.19663153577251963, 0.19663153577251963, 0.19663153577251963], [0.20947565556844103, 0.193682896287706, 0.193682896287706, 0.193682896287706, 0.20947565556844103], [0.22015353680184196, 0.1912495737483176, 0.1912495737483176, 0.1912495737483176, 0.2060977419532052], [0.21621828533983678, 0.1889586620008601, 0.20293219532922155, 0.1889586620008601, 0.20293219532922155], [0.21269320962282653, 0.20012034235871357, 0.20012034235871357, 0.18694576330103294, 0.20012034235871357]]]

lrs_psych = [[[0.2, 0.2, 0.2, 0.2, 0.2], [0.21055278557392168, 0.21055278557392168, 0.21055278557392168, 0.15778885770431333, 0.21055278557392168], [0.2240830319520529, 0.16246703645990354, 0.2240830319520529, 0.16528386768393785, 0.2240830319520529], [0.23475176435272346, 0.16829297508203528, 0.19088046116042448, 0.17132303505209331, 0.23475176435272346], [0.24787797645352733, 0.17506594508395798, 0.1997639663917406, 0.12941413561724666, 0.24787797645352733], [0.3295212187576041, 0.2169199626197217, 0.254950504663369, 0.1483388741963988, 0.05026943976290629], [0.2518643199819141, 0.24450616394243369, 0.28981552410549993, 0.1632083643621257, 0.0506056276080266], [0.1868392054288398, 0.2678372372594014, 0.3195149609737688, 0.1753579670124704, 0.0504506293255196], [0.1394149012112025, 0.28510676589701245, 0.34169557676752194, 0.18393674902668786, 0.049846007097575355], [0.16118564343439354, 0.1419134873109735, 0.4275491434795918, 0.21924726372611011, 0.05010446204893101], [0.1693709690462936, 0.08085469371287017, 0.4669815540807043, 0.23415940760102827, 0.04863337555910376], [0.2319134091519272, 0.10032954434753615, 0.2805290635461998, 0.33151609872867527, 0.0557118842256616], [0.27595664340869647, 0.11177665882287895, 0.15120993713949385, 0.40239877710994265, 0.05865798351898817], [0.29638324013701906, 0.11564573542700296, 0.09268303348810157, 0.43659928367401996, 0.05868870727385647], [0.5628166506013902, 0.1820892779141345, 0.13748577743750057, 0.04163275904646902, 0.07597553500050569], [0.07504471688872179, 0.41657319305427243, 0.29799357890089334, 0.06680604602750953, 0.1435824651286029], [0.08957654341637664, 0.6047328950834163, 0.03980976949559154, 0.0783507155885356, 0.1875300764160799], [0.2094554413065669, 7.456220694734545e-05, 0.06526967482823312, 0.1739112425431233, 0.5512890791151294], [0.47907488440205404, 2.42355110721903e-06, 0.12539791460620808, 0.395522353889781, 2.4235508496301526e-06], [0.4999999470444947, 3.9200427114462104e-08, 0.49999993535424014, 3.920041899446223e-08, 3.920041908149605e-08], [0.2000000572974569, 0.20000005626540746, 0.19999996180169538, 0.19999996181152058, 0.1999999628239197]], [[0.2, 0.2, 0.2, 0.2, 0.2], [0.21055278557392168, 0.21055278557392168, 0.21055278557392168, 0.15778885770431333, 0.21055278557392168], [0.21889847665018708, 0.21889847665018708, 0.21889847665018708, 0.12440609339925165, 0.21889847665018708], [0.22850707716898142, 0.22850707716898142, 0.1872534584144493, 0.12722531007860655, 0.22850707716898142], [0.24814127511428855, 0.1696820502187261, 0.20101388939996317, 0.13302151015273353, 0.24814127511428855], [0.33019833525185793, 0.20883127318450645, 0.2570741667310622, 0.1537217389102806, 0.050174485922292816], [0.25228267540853816, 0.23502198391809512, 0.29253527940468954, 0.1696438950130337, 0.05051616625564346], [0.18702267577527987, 0.2571315959357859, 0.32276427041171846, 0.1827169781275759, 0.05036447974963982], [0.1394563618726075, 0.27344189596898955, 0.3453386618705921, 0.19200276107305755, 0.049760319214753275], [0.15945682049142917, 0.13757579838694373, 0.4262244083721929, 0.22698818601053108, 0.04975478673890313], [0.16691879229367187, 0.07955033367940825, 0.46338328999753076, 0.24190065856751178, 0.048246925461877505], [0.2264052003187013, 0.09783008922755494, 0.2802330992688778, 0.34064071138188634, 0.05489089980297964], [0.2683854925167027, 0.10855954274409925, 0.15248015516491562, 0.4129443807035845, 0.05763042887069813], [0.4704177024034525, 0.1592250232291279, 0.24169198349977802, 0.05727962206836029, 0.07138566879928111], [0.10564284060913783, 0.27148881987150464, 0.437142349659532, 0.0805826342065279, 0.10514335565329745], [0.16666798403674643, 0.49922151200568243, 0.04796958072078756, 0.12041301671186562, 0.16572790652491784], [0.04539453977966452, 0.5902006777587261, 0.04842392136825183, 0.13119979665906734, 0.18478106443429035], [0.07511479137311187, 7.278921307927784e-05, 0.08258913420137641, 0.3307270991861483, 0.5114961860262841], [0.14400319418526508, 2.3452066318503546e-06, 0.16181645499283712, 0.694175660408875, 2.345206390857795e-06], [0.499999971852172, 1.841579786370037e-08, 0.4999999729004427, 1.8415793737045866e-08, 1.841579378089404e-08], [0.2000000713319905, 0.20000007007043744, 0.19999995244534038, 0.1999999524512287, 0.19999995370100299]], [[0.2, 0.2, 0.2, 0.2, 0.2], [0.17483018445544987, 0.2062924538861375, 0.2062924538861375, 0.2062924538861375, 0.2062924538861375], [0.18364758291019562, 0.21856837536306145, 0.21856837536306145, 0.16064729100062006, 0.21856837536306145], [0.19057817792814388, 0.22811430015808845, 0.1872803881387603, 0.16591283361691891, 0.22811430015808845], [0.20474418710849912, 0.16997434357177624, 0.20098548965930696, 0.17668072679148403, 0.2476152528689337], [0.26282371059915666, 0.2092580020584885, 0.25699898051082665, 0.21951973185210583, 0.05139957497942237], [0.29134182972188666, 0.13303009042189928, 0.2845629626118577, 0.24094908337768947, 0.05011603386666683], [0.30807179332652573, 0.08950628598735105, 0.3006945807373484, 0.2532047481735218, 0.04852259177525309], [0.22226780508896427, 0.09509327930559344, 0.3452067060963496, 0.2885398728250324, 0.04889233668406021], [0.26230837954054276, 0.10474049447198214, 0.23698763511431384, 0.34562160718810375, 0.05034188368505757], [0.2917395102824641, 0.11074415807781618, 0.15883317403266078, 0.38815042870104594, 0.050532728906012944], [0.44554276822317207, 0.1458584410397042, 0.22338826114631702, 0.12907508805018925, 0.05613544154061738], [0.2060567200477959, 0.2081290447207493, 0.3354720762545406, 0.18115034192666518, 0.06919181705024906], [0.23646959308153084, 0.23905393704132744, 0.39928316372335537, 0.05433802258973055, 0.07085528356405589], [0.36213196997190195, 0.36651300198637, 0.1127142339985985, 0.06708175983434152, 0.09155903420878803], [0.07160078819892518, 0.5707664562711058, 0.15314377220296682, 0.08396392265201971, 0.12052506067498256], [0.041685435659577115, 0.596604910481734, 0.15589549783698906, 0.08395735108567787, 0.12185680493602198], [0.0661600950147244, 0.0001437739717681567, 0.4339905767608423, 0.1865835538581111, 0.31312200039455396], [0.08125788033757987, 6.6556802688891e-06, 0.6378119893062945, 0.28091681899663895, 6.655679217807247e-06], [0.4999998773707839, 7.536509140909305e-08, 7.536506494231629e-08, 0.4999998965339946, 7.53650651851118e-08], [0.20000013160184762, 0.20000012953384133, 0.19999991230304429, 0.19999991226543568, 0.19999991429583114]]]

lrs_anti = [[[0.2, 0.2, 0.2, 0.2, 0.2], [0.17483018445544987, 0.2062924538861375, 0.2062924538861375, 0.2062924538861375, 0.2062924538861375], [0.1801014258231705, 0.21359993520292084, 0.17909876856806708, 0.21359993520292084, 0.21359993520292084], [0.18471539885076071, 0.22007480524291392, 0.15506018542049738, 0.22007480524291392, 0.22007480524291392], [0.1967266443872249, 0.1665491585028092, 0.16337096822771086, 0.23667661444112756, 0.23667661444112756], [0.16633528702304895, 0.17176870820418508, 0.16837980795480934, 0.2467580984089783, 0.2467580984089783], [0.14068843406877543, 0.1760865750869517, 0.17251258449532095, 0.255356203174476, 0.255356203174476], [0.1436860617015573, 0.18112170578650755, 0.14459823768278454, 0.26529699741457535, 0.26529699741457535], [0.1563496233456548, 0.20096505738052192, 0.15743030547939466, 0.182988509336268, 0.30226650445816056], [0.12811425105813165, 0.20736852066352382, 0.16129277569896228, 0.1883219978192187, 0.3149024547601636], [0.10612241820340008, 0.2123277583518682, 0.1641607716541118, 0.19239917524789518, 0.3249898765427247], [0.10967910209556483, 0.22989160861751523, 0.17497443742954358, 0.12657336442598044, 0.358881487431396], [0.11098866223288771, 0.24034064651164594, 0.18096472394589483, 0.08771771504587496, 0.3799882522636964], [0.11124857191366809, 0.2466329974679947, 0.1842839883092078, 0.06456117762444731, 0.3932732646846821], [0.11107184631832456, 0.2506581191811184, 0.18622137810724007, 0.049930289598430884, 0.40211836679488616], [0.11072146220580881, 0.25339572010334815, 0.18741483006555912, 0.04011677703807601, 0.4083512105872079], [0.1103097879783601, 0.2553567589920165, 0.18818336584298284, 0.03319265854121697, 0.4129574286454236], [0.10988598846437578, 0.25682208600315964, 0.1886954025334775, 0.028101747686592543, 0.4164947753123946], [0.10947171341518377, 0.2579552012415411, 0.18904515778956874, 0.02423137086002397, 0.4192965566936824], [0.08694972778909728, 0.26464538322754794, 0.19279264430333107, 0.023252202455486728, 0.432360042224537], [0.08644381401582649, 0.26555795188070047, 0.19304832691842486, 0.020368630525343785, 0.4345812766597043]], [[0.2, 0.2, 0.2, 0.2, 0.2], [0.17483018445544987, 0.2062924538861375, 0.2062924538861375, 0.2062924538861375, 0.2062924538861375], [0.1801014258231705, 0.21359993520292084, 0.17909876856806708, 0.21359993520292084, 0.21359993520292084], [0.209643480367178, 0.2559291914067741, 0.20826537907778692, 0.2559291914067741, 0.07023275774148705], [0.23266599161772178, 0.17793706438014437, 0.23103278059062152, 0.2875728167038756, 0.07079134670763677], [0.2698749260624912, 0.20187997209866668, 0.26784061216962796, 0.1876963412283318, 0.07270814844088236], [0.2974375039394897, 0.21966815600915263, 0.20503633163644852, 0.20348913189019227, 0.0743688765247168], [0.22067025740755553, 0.24611280519008166, 0.22884776262667242, 0.22702363085213878, 0.0773455439235516], [0.23924788729388338, 0.26805365842160656, 0.16705260556938858, 0.24643715962581628, 0.07920868908930509], [0.2812764327443742, 0.31776729514408597, 0.19038848207694853, 0.12731509288292764, 0.08325269715166368], [0.37646838483421574, 0.1297449069700968, 0.24438110789171344, 0.15473809089633156, 0.09466750940764236], [0.4220519844579731, 0.13676961377765115, 0.26858270450666205, 0.0752161458455218, 0.09737955141219197], [0.5096150845990843, 0.154830316122188, 0.14744958560434013, 0.08091372686947208, 0.10719128680491563], [0.5833702983704577, 0.06325329021995729, 0.1584449355337389, 0.08267517910998722, 0.11225629676585899], [0.20361281599598252, 0.10690033454568264, 0.32509151878199566, 0.14872292495058798, 0.21567240572575125], [0.2816881366805701, 0.13672000090613745, 0.0829542948400753, 0.1984184883932782, 0.300219079179939], [0.06038558025653011, 0.17212432954136045, 0.09818501606543184, 0.26018041314281004, 0.4091246609938676], [0.06273766107859194, 0.2225454482244646, 0.11380827706849336, 0.0058880098448820615, 0.5950206037835679], [0.062403428016015866, 0.2225531498111084, 0.11351553191866375, 0.0051213800134542724, 0.5964065102407577], [0.06210965607420347, 0.22254642631606092, 0.11325442722882652, 0.004525347081411044, 0.597564143299498], [0.06184806411916145, 0.22253118018214554, 0.1130193001410332, 0.004049031557225166, 0.5985524240004347]], [[0.2, 0.2, 0.2, 0.2, 0.2], [0.23070839648807517, 0.23070839648807517, 0.23070839648807517, 0.23070839648807517, 0.07716641404769937], [0.25110730593222985, 0.16909164001560822, 0.25110730593222985, 0.25110730593222985, 0.07758644218770212], [0.20697967450383192, 0.17790144416593195, 0.2683500733404997, 0.2683500733404997, 0.0784187346492367], [0.2220753556578611, 0.18955141080269006, 0.21770364862096156, 0.29087400873043306, 0.07979557618805422], [0.2578262212743454, 0.21716746750829777, 0.2523519396613887, 0.18928546717286726, 0.08336890438310084], [0.2885554940920043, 0.13611361044783626, 0.28208975658503915, 0.2077477923158227, 0.08549334655929756], [0.3252681753394631, 0.14728344076348562, 0.20733606052954823, 0.23056719282364913, 0.08954513054385384], [0.22891596669484146, 0.16615457505655168, 0.23968158317835253, 0.2683269329636991, 0.09692094210655515], [0.2533183794023695, 0.1807969914852756, 0.1648035819107353, 0.2990812453761477, 0.1019998018254719], [0.3286677840609934, 0.22605552047997807, 0.20370923327306126, 0.12358398737073907, 0.11798347481522832], [0.40221867075521883, 0.08814298832643601, 0.24004912384991253, 0.13827573604879595, 0.13131348101963658], [0.4475770679439762, 0.08968703935799441, 0.26121847383870533, 0.06391329763270608, 0.13760412122661797], [0.4745672961650647, 0.04911845450653183, 0.2732489848190442, 0.06273535065235535, 0.140329913857004], [0.5903645370717955, 0.05152012948228921, 0.12758186991868373, 0.06753034292290384, 0.16300312060432784], [0.15941570484423365, 0.08765967470144555, 0.26918823792230845, 0.12321428543322685, 0.3605220970987856], [0.06488425623432015, 0.09188872292219226, 0.301729051383428, 0.13211404277791308, 0.40938392668214657], [0.0643610580904245, 0.09442192570946777, 0.34182690200497484, 0.02776357671136315, 0.4716265374837696], [0.03838139986334805, 0.09449229722339986, 0.3522444645021568, 0.02674755650155252, 0.4881342819095428], [0.037335846249877236, 0.09367253289391865, 0.3563758708362104, 0.01735684649474952, 0.49525890352524415], [0.036603356326868244, 0.09299216345372303, 0.35850165018766605, 0.012827020292702856, 0.49907580973903987]]]